4.382722 4.382722
3.612697 3.997710
3.984812 3.993411
6.058008 4.509560
3.495814 4.306811
3.518767 4.175470
3.210344 4.037595
3.306516 3.946210
3.417775 3.887495
3.469216 3.845667
4.671503 3.920743
4.036704 3.930407
3.819053 3.921841
3.613760 3.899835
3.482265 3.871997
5.403028 3.967687
4.020693 3.970805
3.764796 3.959360
3.557140 3.938190
3.946013 3.938581
4.581788 3.969210
3.581149 3.951571
3.585147 3.935640
4.396204 3.954830
4.498897 3.976593
3.982847 3.976833
3.845696 3.971976
4.996721 4.008574
3.332619 3.985265
4.314901 3.996253
3.823405 3.990677
3.850458 3.986296
3.520823 3.972190
3.630623 3.962144
3.564171 3.950774
4.053524 3.953628
3.876814 3.951552
3.060461 3.928102
3.889442 3.927111
4.362651 3.937999
5.368686 3.972894
4.051122 3.974757
3.550403 3.964888
3.703973 3.958958
3.299756 3.944309
3.126794 3.926537
4.357256 3.935701
3.709839 3.930996
3.556511 3.923353
3.587660 3.916639
3.755723 3.913484
3.732528 3.910004
6.073924 3.950833
4.082980 3.953280
3.810991 3.950693
4.239446 3.955849
3.237428 3.943245
4.495126 3.952761
3.881807 3.951558
4.061989 3.953399
3.464177 3.945378
3.429858 3.937064
3.649042 3.932492
5.131563 3.951227
3.757091 3.948241
3.543464 3.942108
4.448321 3.949663
3.819053 3.947742
3.606042 3.942790
4.854077 3.955809
4.297480 3.960621
3.224794 3.950401
4.239446 3.954361
3.897755 3.953596
5.124107 3.969202
3.440796 3.962250
4.513067 3.969403
3.217331 3.959761
3.484630 3.953747
3.828157 3.952177
3.092199 3.941560
3.544794 3.936721
3.587660 3.932516
3.793713 3.930863
3.929438 3.930847
3.933117 3.930873
5.250248 3.946038
5.403028 3.962595
4.395214 3.967456
3.625681 3.963658
4.382722 3.968263
3.965634 3.968235
3.125112 3.959169
3.684869 3.956251
4.046373 3.957200
4.091343 3.958597
3.864987 3.957632
4.294240 3.961067
4.400412 3.965504
3.878392 3.964633
